3 283 3
4 397 4
5 303 6
6 429 8
7 269 8
8 484 1
9 256 7
10 423 0
11 365 6
12 274 0
13 267 2
14 460 7
15 478 5
16 301 6
17 428 1
18 292 1
19 440 1
20 359 9
21 300 8
22 487 4
23 262 8
24 374 4
25 281 5
26 316 0
27 384 3
28 492 1
29 378 4
30 394 4
31 434 3
32 324 6
33 491 7
34 339 8
35 398 9
36 344 9
37 358 0
38 334 4
39 426 8
40 375 8
41 411 7
42 441 8
43 459 1
44 443 8
45 282 9
46 320 3
47 298 6
48 308 1
49 271 1
50 441 0
51 263 0
52 357 2
53 459 9
54 455 8
55 383 1
56 323 9
57 326 7
58 308 0
59 434 0
60 284 9
61 496 9
62 465 9
63 447 5
64 304 7
65 309 3
66 367 5
67 462 4
68 479 4
69 420 5
70 492 1
71 292 3
72 337 1
73 252 5
74 311 2
75 320 9
76 323 9
77 288 2
78 283 9
79 346 0
80 383 0
81 407 7
